# unix_time, cycles_done, cur_path, paths_total, pending_total, pending_favs, map_size, unique_crashes, unique_hangs, max_depth, execs_per_sec
1680786838, 0, 0, 1, 1, 1, 0.87%, 0, 0, 1, 40.61
1680786925, 0, 0, 11, 11, 1, 0.93%, 0, 0, 2, 18.18
1680786930, 0, 0, 13, 13, 1, 0.94%, 0, 0, 2, 16.43
1680786935, 0, 0, 21, 21, 1, 0.98%, 0, 0, 2, 13.54
1680786940, 0, 0, 28, 28, 1, 0.98%, 0, 0, 2, 13.79
1680786945, 0, 0, 34, 34, 1, 0.98%, 0, 0, 2, 14.76
1680786950, 0, 0, 38, 38, 1, 0.98%, 0, 0, 2, 13.89
1680786955, 0, 0, 42, 42, 1, 0.98%, 0, 0, 2, 14.40
1680786961, 0, 0, 46, 46, 1, 0.98%, 0, 0, 2, 14.81
1680786966, 0, 0, 48, 48, 1, 0.98%, 0, 0, 2, 15.14
1680786971, 0, 0, 49, 49, 1, 0.98%, 0, 0, 2, 15.11
1680786986, 0, 0, 50, 50, 1, 0.98%, 0, 0, 2, 15.62
1680786991, 0, 0, 60, 60, 1, 0.98%, 0, 0, 2, 15.65
1680786996, 0, 0, 63, 63, 1, 0.98%, 0, 0, 2, 15.40
1680787028, 0, 0, 74, 74, 1, 1.24%, 0, 1, 2, 59.63
1680787033, 0, 0, 75, 75, 1, 1.24%, 0, 1, 2, 1.16
1680787038, 0, 0, 78, 78, 1, 1.24%, 0, 1, 2, 28.26
1680787044, 0, 0, 83, 83, 1, 1.24%, 0, 1, 2, 1.81
1680787049, 0, 0, 89, 89, 1, 1.24%, 0, 1, 2, 29.00
1680787054, 0, 0, 136, 136, 1, 1.31%, 0, 1, 2, 56.96
1680787059, 0, 0, 164, 164, 1, 1.31%, 0, 1, 2, 51.22
1680787064, 0, 0, 181, 181, 1, 1.31%, 0, 1, 2, 35.05
1680787069, 0, 0, 201, 201, 1, 1.33%, 0, 1, 2, 27.14
1680787075, 0, 0, 220, 220, 1, 1.33%, 0, 1, 2, 30.17
1680787080, 0, 0, 233, 233, 1, 1.33%, 0, 1, 2, 28.59
1680787085, 0, 0, 244, 244, 1, 1.33%, 0, 1, 2, 25.31
1680787090, 0, 0, 255, 255, 1, 1.33%, 0, 1, 2, 23.50
1680787095, 0, 0, 264, 264, 1, 1.33%, 0, 1, 2, 23.87
1680787100, 0, 0, 272, 272, 1, 1.33%, 0, 1, 2, 25.19
1680787105, 0, 0, 276, 276, 1, 1.33%, 0, 1, 2, 20.85
1680787111, 0, 0, 277, 277, 1, 1.33%, 0, 1, 2, 16.72
1680787116, 0, 0, 279, 279, 1, 1.33%, 0, 1, 2, 15.42
1680787136, 0, 0, 281, 281, 1, 1.33%, 0, 1, 2, 15.00
1680787141, 0, 0, 284, 284, 1, 1.33%, 0, 1, 2, 16.89
1680787151, 0, 0, 285, 285, 1, 1.33%, 0, 1, 2, 13.76
1680787172, 0, 0, 286, 286, 1, 1.33%, 0, 1, 2, 12.24
1680787188, 0, 0, 296, 296, 1, 1.33%, 0, 1, 2, 27.80
1680787193, 0, 0, 298, 298, 1, 1.33%, 0, 1, 2, 16.56
1680787198, 0, 0, 311, 311, 1, 1.34%, 0, 1, 2, 15.18
1680787203, 0, 0, 318, 318, 1, 1.34%, 0, 1, 2, 19.86
1680787208, 0, 0, 320, 320, 1, 1.34%, 0, 1, 2, 15.55
1680787286, 0, 0, 335, 335, 1, 1.36%, 0, 1, 2, 85.51
1680787342, 0, 0, 336, 336, 1, 1.36%, 0, 1, 2, 13.05
1680787373, 0, 0, 337, 337, 1, 1.36%, 0, 1, 2, 13.60
1680787501, 0, 0, 338, 338, 1, 1.36%, 0, 1, 2, 15.26
1680787583, 0, 0, 339, 339, 1, 1.36%, 0, 1, 2, 15.55
1680787593, 0, 0, 340, 340, 1, 1.36%, 0, 1, 2, 15.69
